2534
56.38331332
85.207490406
1187
56.388890857
85.208390675
3456
56.391916537
85.213298283
2534
56.383170763
85.206675015
1187
56.389140294
85.209978542
3456
56.391560224
85.212869129
2534
56.382778729
85.206117115
1187
56.389152172
85.210042915
3456
56.391097014
85.212332687
2534
56.382351052
85.205838165
1187
56.389354095
85.21092268
3456
56.390550655
85.211903534
2534
56.381840209
85.205988369
1187
56.389354095
85.211909733
3456
56.390408126
85.213190994
2534
56.381566964
85.206632099
1187
56.389199683
85.213068447
3456
56.390420003
85.214113674
2534
56.381614485
85.207554779
1187
56.388914613
85.213497601
3456
56.390431881
85.214929066
2534
56.381816448
85.208134136
1187
56.38820193
85.213883839
3456
56.390550655
85.215572796
2534
56.382410452
85.208756409
1187
56.387465476
85.213840923
3456
56.390823835
85.214971981
2534
56.382897528
85.208713493
1187
56.38670525
85.213218651
3456
56.391263295
85.214435539
2534
56.38328956
85.208091221
1187
56.386277617
85.212446175
3456
56.391583979
85.213663063
2534
56.383253921
85.207554779
1187
56.386004404
85.211416206
3456
56.391916537
85.212890587
2534
56.38331332
85.207490406
1187
56.385743068
85.210214577
3456
56.391916537
85.213298283
2534
56.383170763
85.206675015
1187
56.385754947
85.209141693
3456
56.391560224
85.212869129
2534
56.382778729
85.206117115
1187
56.385873736
85.208519421
3456
56.391097014
85.212332687
2534
56.382351052
85.205838165
1187
56.386206344
85.208004436
3456
56.390550655
85.211903534
2534
56.381840209
85.205988369
1187
56.386669614
85.207596741
3456
56.390408126
85.213190994
2534
56.381566964
85.206632099
1187
56.388629541
85.207811317
3456
56.390420003
85.214113674
2534
56.381614485
85.207554779
1187
56.387548624
85.207167587
3456
56.390431881
85.214929066
2534
56.381816448
85.208134136
1187
56.388213808
85.20714613
3456
56.390550655
85.215572796
