1187
56.387879
85.215995
2534
56.389138
85.209937
3456
56.390982
85.213690
1187
56.388437
85.210952
2534
56.378679
85.201186
3456
56.391072
85.213533
1187
56.388721
85.211285
2534
56.379184
85.201626
3456
56.391138
85.213483
1187
56.388626
85.211930
2534
56.379621
85.202157
3456
56.391212
85.213513
1187
56.388224
85.212007
2534
56.379951
85.202550
3456
56.391227
85.213569
1187
56.387928
85.211705
2534
56.380550
85.203267
3456
56.391246
85.213658
1187
56.387613
85.211222
2534
56.381146
85.204020
3456
56.391291
85.213728
1187
56.389744
85.210012
2534
56.382123
85.205190
3456
56.391357
85.213805
1187
56.387188
85.210718
2534
56.383312
85.206548
3456
56.391425
85.213754
1187
56.387138
85.209937
2534
56.384334
85.207760
3456
56.391397
85.213816
